camera_matrix:
- - 1131.5291014594409
  - 0.0
  - 324.34612679617294
- - 0.0
  - 1130.4240085922982
  - 217.8560698809527
- - 0.0
  - 0.0
  - 1.0
dist_coeff:
- - 0.46362737717893143
  - -2.4232095359057126
  - -0.00791385270681413
  - 0.001554536630426481
  - 3.3686423080928747
