camera_matrix:
- - 37164.97931469605
  - 0.0
  - 638.2287694582017
- - 0.0
  - 25034.419645088034
  - 364.4191971665351
- - 0.0
  - 0.0
  - 1.0
dist_coeff:
- - 5.219524221436717
  - 3.8691893079446813
  - -0.24236571736516715
  - 0.08563888557233278
  - 0.0030729958759180345
